103414
131924
162733
156233
211720
117324
111716
561242
113215
951457
211417
130316
127933
756055
105216
102816
159340
198451
115320
672756
586460
208226
148032
111009
188347
118730
547046
217126
161731
120111
139637
156637
124422
111312
705341
959574
130922
151526
125525
245333
239944
123117
153025
212318
163129
761957
205826
715647
176542
390645
751348
366446
117122
129028
118932
209935
122317
298051
654754
284646
178950
135932
113619
749361
105115
149337
100307
154431
151223
199655
541943
148335
499566
126325
138534
133625
792564
280739
189450
899885
192540
871964
160123
704238
151627
149539
397760
246133
110411
196750
224022
133928
130013
414229
201414
371843
570243
140824
128632
713239
221319
